
Dept. of the Interior
U.S. Geological Survey
Energy Resources Team

Selected Data from Fourteen Wildcat Wells in 
the National Petroleum Reserve in Alaska

USGS Open File Report 00-200 

Wildcat Well South Barrow 17 Permeability, Porosity, and Grain Density Information

         Permeability   Permeability                Oil          Total
 Depth,   Horizontal,     Vertical,      Porosity   Saturation   Water
  feet   millidarcies   millidarcies      percent   percent      percent    Core Type     Core Run
1616         303                           21.6                              sidewall         
1617         488                           22                                sidewall    
1618         500                           21.3                              sidewall    
1619          58                           18.6                              sidewall    
1620          64                           24.6                              sidewall    
1660          13                           19                                sidewall    
1661         265                           20.3                              sidewall    
1662         311                           22.1                              sidewall    
1663         244                           26.2                              sidewall    
2044           0.92                        16.3                              sidewall    
2046           0.34                        14.6                              sidewall    
2049           6.88                        18.1                              sidewall    
2052          14                           19.2                              sidewall    
2056           2.98                        16.7                              sidewall    
2063          10                           19.1                              sidewall    
2064           7.62                        18.4                              sidewall    
2066           3.34                        17                                sidewall    
2067          39                           19.4                              sidewall    
2068           1.8                         16.6                              sidewall    
2070          12                           18.2                              sidewall    
2072           2.62                        15.1                              sidewall    
2074           6.41                        18.3                              sidewall    
2092           1.84                        19                                sidewall    
2191          44                           20.6                              sidewall    
2192           0.33                        10.2                              sidewall    
2193           0.17                         8.4                              sidewall    
2096.5         2.26             2          18.2        Trace       48.8                       1      
2097.5         2.46             2.09       17.7        Trace       56.5                       1
2098.5         2.37             3.08       16.7        Trace       58.6                       1
2099.5         2.39             2          18.3         1.31       58.3                       1
2100.5         0.85             1.76       16.7        Trace       53.2                       1
2101.5         1.48             0.63       17.6        Trace       49.3                       1
2102.5        96              104          24.3        Trace       49                         1
2103.5       305              241          25.1         0.96       58.4                       1
2104.5        75               75          22.9         1.05       61.1                       1
2105.5       128              110          21.9         1.1        55.8                       1
2106.5        45               42          18.7         1.95       59                         1
2107.5       637              588          23.6         2.07       61.2                       1
2108.5       325              254          21.6         2.26       63.8                       1
2109.5       202              172          18.9         2          50.2                       1
2110.5      1159             1074          25.3         1.93       48.6                       1
2111.5      1146              950          23.4         3.11       56                         1
2112.5       888              804          25.8         2.83       55.9                       1
2113.5       671              661          23.9         4.1        56.7                       1
2114.5        46               38          22.8         3.21       57.5                       1
2115.5        12                4.11       19.5         2.52       61.4                       1
2116.5       180              129          25.4         1.93       57.8                       1
2117.5       102               81          18.6         2.62       62.1                       1
2118.5        50               46          19.4         2.53       50.2                       1
2119.5       180              172          22.2         2.2        58.1                       1
2120.5       126               97          23.6         3.02       60.3                       1
2121.5       123               32          21.4         3.41       64.2                       1
2122.5        63               33          20.8         3.5        60.6                       1
2123.5        40              279          25           1.96       56                         1
2124.5       382              296          27.9         2.02       57.1                       1
2125.5        15               14          18.5         1.29       56.8                       1
2126.5       103               89          19.3         0.93       53.6                   
2127.5       555              500          18.6         1.92       66                     
2128.5       228              216          18.9        Trace       65.8                   
2129.5        15               13          19.3         1.24       65.8                   
2130.5         7.79            11          19.4         1.2        66.4                   
2131.5         2.58             1.58       16.6        Trace       64.3                   
2132.5         4.76             1.12        8.6        Trace       87.8                   
2275           0.46                         5.2                              sidewall    
2301          16.5                         17.3                              sidewall    
2303          17                           22                                sidewall    
2305          28                           28.4                              sidewall    
2307          62                           26.3                              sidewall    
2309          59.5                         27.4                              sidewall    
2313          31.5                         30.4                              sidewall    
2295.5        11                6.33        6.3         2.41       53                         3
2296.5        26               10          10.5         2.84       60.1                       3
2297.5        38               21          18           3.11       56.4                       3
2298.5         5.17             2.08       12.6         1.97       58.3                       3
2322.5        24               16          18.1         2.9        57.7                       4
2323.5         1.1              0.08       10.3         5          86.1                       4
2324.5        10                6.88       15           1.7        60.7                       4
2325.5         3.05             1.79       10.9         4.7        66.3                       4
2326.5        52               40          19.1         9.5        60.5                       4
2327.5        23               22           8.8        Trace       70.6                       4
2328.5        14                8.85       10           7.8        60                         4
2329.5        16               10          17.4         2.9        57.4                       4
2330.5         6.1              5.96       12.2         2.1        62.3                       4
2331.5         6.79             6.3        10.7         3.4        56.6                       4
2332.5         2.78             0.88       13.1         2          50.9                       4
2333.5         1.68             0.76       12.1         8.6        80.8                       4
2334.5        22               15          17.5         7.4        59.6                       4
2335.5        15               15          18.3         4.3        69.2                       4
2336.5        64               17          17.5         8.7        53.3                       4
2337.5         6.8              0.08       11.6         8.9        72.8                       4
2338.5         6.23             5.56        9.8         8          58.9                       4
2339.5         3.89             3.2         9.9         2.6        51.2                       4
2340.5         1.66             1.4         9.1         2.9        56.1                       4
2341.5         5.88             5.37       10.2        Trace       58.9                       4
2342.5         7.34             7.28        8.5         3          60.1                       4
2343.5         2.07             1.89        8.7        Trace       59.7                       4
2344.5         1.1              0.87        5.6        Trace       85.4                       4


Data Source:
Chemical & Geological Laboratories of Alaska (6 sheets)
Dates: March 22, 1978; March 16, 1978; April 5, 1978; March 31, 1978 

